94727
50996
16736
23382
70692
61504
40872
92649
44109
11002
75502
10354
41991
53673
56252
73454
23414
63782
94720
99251
2859
38038
89916
39448
74670
95069
85696
18723
9759
8362
47510
52535
81230
39114
16067
50381
98309
29155
56108
79170
53349
98131
83286
71453
15328
23864
94108
96440
2727
33222
67100
85684
25355
95216
11416
59657
57327
8269
50270
17708
2523
25703
83753
40871
59470
18155
37203
49855
53284
97271
97839
28176
22720
66243
3259
63797
98846
52778
97218
58354
26246
25310
23294
97045
90277
86461
37146
49161
38350
91661
97019
46860
90441
73054
24720
69302
44632
96637
97578
42247
55023
68356
584
51882
7839
59739
26077
11556
85033
16935
61703
54126
45866
24095
22828
32961
62953
25285
90597
85603
32853
53073
33871
63978
78277
42169
76476
85950
18128
33581
41853
76923
63747
11481
29910
3927
39976
12615
96629
60026
33958
96079
72517
54637
34967
26948
47689
44716
94555
32865
35861
31554
44864
87184
61555
36157
18338
77203
12133
25663
37100
9167
77284
49202
3200
36598
22960
79725
11069
67381
12124
68175
3697
69466
8914
36599
48948
99201
13345
72153
21177
92060
91165
5027
55834
99417
43129
21210
34929
2926
42920
81712
70731
97391
16274
84335
26953
6052
70291
64078
77598
98500
79259
82820
11276
47290
78754
22632
28803
28934
6933
82049
9973
62569
88168
44019
42499
93386
61124
46150
82940
68155
4511
74818
87773
36897
97407
30241
15189
52418
8610
63838
41250
67987
77020
39605
72925
20931
78735
48276
19832
81483
58961
90618
19033
55335
64641
42694
73905
11420
70821
26217
40428
57237
93642
85110
20329
93097
32823
12524
16215
19066
46945
99848
84230
50151
39001
28600
43253
45690
82932
34404
85423
10250
68136
661
79398
44377
41220
55565
8564
32325
36449
83406
37262
31756
46475
39921
94045
97407
38151
41576
72800
51489
58453
69797
91339
23669
78533
11838
38092
49318
11021
30426
48369
32943
20277
23463
28699
88125
66281
88978
5474
28038
62309
74006
95989
53248
9759
22684
91216
38631
96918
53762
23735
6360
55039
2353
54866
84665
84542
68319
20474
57187
60198
80564
7076
47160
81435
13632
682
91840
47606
51315
53551
14049
4856
46116
19822
18078
86385
13020
28751
57658
47492
44983
40882
62574
27732
15256
14023
4283
53296
1758
23940
75238
35096
16074
80612
79003
47021
87638
87474
95322
96155
61392
50683
77104
24429
90744
51600
48178
49217
74988
28849
64933
53928
95994
78839
12361
31681
52791
52595
29374
32522
98492
8969
63790
88984
7985
16574
22110
8436
98500
48941
27477
7202
95414
44235
94800
81888
84356
41362
99302
66890
56721
91525
22770
70479
39597
95922
60473
87807
36473
48299
1709
58528
55123
24663
81663
54086
17185
13018
143
56355
38596
18782
46840
46735
66878
96692
31315
49286
30416
25703
39336
72210
94699
28236
20204
34241
78550
71814
45673
93305
5524
52046
76356
9796
18976
36383
84185
85640
14383
29280
55680
4327
69096
49220
75390
21175
46232
3774
54074
12817
21073
76232
54280
74340
9088
45725
78761
648
81098
78602
53748
42402
1944
76558
19834
20452
19052
12669
18741
37681
67398
95555
90577
82936
45266
8896
73425
5165
89054
46523
80028
86428
41628
81910
69047
33156
96283
98694
78100
80618
66880
33906
13749
54126
40636
35653
12135
27955
89955
40833
44054
31319
13236
49594
52652
71270
20959
34717
56902
33252
16258
60859
48948
78563
71770
59494
24734
85185
57672
98917
88289
37695
83679
97397
64510
50179
16813
45258
65935
60360
98118
85765
684
33090
79742
67722
32742
60564
99618
15029
98193
22927
50594
41038
51226
5306
39941
46937
7685
94047
87284
66629
66575
30179
81807
60579
69819
65429
71343
51338
62098
17061
9440
84011
79028
6229
57050
8408
12243
92885
37572
71455
34570
37637
42880
54753
85446
70798
45916
2435
46560
38068
69125
33176
42094
44768
63059
36029
22205
95096
12628
95401
12894
64788
1015
82483
14609
89676
33224
82814
31823
1047
26384
345
52104
48367
4615
89791
63882
41155
99295
25085
98908
98671
98618
55723
29790
59000
41276
35676
55978
74002
93702
98629
62621
5445
42739
61984
31200
86162
95161
26757
91471
14364
22603
91916
40049
51384
75568
90065
80156
66221
10655
88275
54532
1262
37945
94127
68073
37006
90123
39623
48419
99061
39100
40056
84890
36230
63698
83144
3987
78643
86676
63063
83455
74506
85036
49199
51101
39909
3348
74891
22824
1679
84052
61587
9159
11728
40001
39523
14418
95484
15796
75427
14026
68431
93653
61010
45996
71260
76515
96705
49948
39968
6869
70437
11354
97744
74327
15218
33191
2947
33126
55054
74448
62928
74524
41278
92156
11898
10546
19082
41749
7061
84943
12353
10238
5597
64903
21321
7123
58253
94664
65174
3342
75165
40945
13340
93506
40347
87542
66973
96282
67178
91644
9264
63297
74707
35470
79239
87684
9632
5678
74101
72130
90551
53635
23814
75960
17839
97268
13493
96984
27232
91400
94427
51802
47364
54060
75283
93709
46640
46557
14003
71684
39389
30386
17103
54728
19274
92792
27779
89503
49624
19986
52472
52873
60011
35254
40088
21489
94387
72636
93095
3297
73929
31139
56141
92120
21078
98724
23565
57168
11130
49686
45036
42863
30676
51130
91065
18363
59541
52530
84833
86675
96656
43876
66477
48350
27772
3214
80745
87097
43725
18165
65696
49776
65333
47473
46190
96281
24980
79999
51236
62201
61177
26607
29299
26421
23742
36203
16375
15918
8434
30367
61637
50293
29254
79624
35773
86112
45973
3687
22418
18523
43352
53235
49189
27084
35997
72322
81130
55592
80097
29286
50534
34400
48861
14325
99161
58788
84165
28727
94739
9221
75286
46303
1012
67823
22383
9393
70805
35377
95917
13375
26908
28712
78571
25440
75843
55516
80535
51677
23730
7552
56798
16383
17741
43329
33713
23321
94199
94046
81344
43775
87336
69400
45020
80736
64660
58079
31796
85051
96034
27205
4702
85771
81214
40306
54484
23937
18969
70892
44191
84101
56649
25353
19517
50854
97040
8313
55429
59335
73026
96780
33186
58190
76121
38638
26258
91764
61401
79115
5294
3783
44594
82921
23070
73247
55846
24163
63969
56248
33863
82583
85222
78791
84408
35337
49014
7704
8047
90783
37221
22533
20375
68203
81951
60021
43426
72847
65051
85970
43862
6399
64670
77346
17145
84006
55057
44504
67715
38598
57760
26373
